0 0.12215373743718592 0.3974609375 0.15456187185929648 0.3701171875 0.15954773869346733 0.2041015625 0.14085073806532664 0.173828125 0.1009638033919598 0.1640625 0.05983040201005025 0.2158203125 0.06232333542713568 0.3544921875 0.09348500314070352 0.39453125
0 0.2293498743718593 0.3955078125 0.2667438756281407 0.3779296875 0.28170147613065327 0.2412109375 0.2642509422110553 0.1826171875 0.21813167399497488 0.16015625 0.18198413944723618 0.2001953125 0.17699827261306533 0.3544921875 0.19195587311557788 0.3876953125
0 0.5634029522613065 0.2724609375 0.6170010207286433 0.259765625 0.6307121545226131 0.2314453125 0.5621564855527639 0.197265625 0.3552430119346734 0.197265625 0.3215884108040201 0.2177734375 0.3552430119346734 0.259765625
0 0.5434594849246231 0.3662109375 0.6219868875628141 0.34375 0.6307121545226131 0.3134765625 0.5696352858040201 0.287109375 0.36022887876884424 0.283203125 0.3240813442211055 0.2978515625 0.3215884108040201 0.3212890625 0.3552430119346734 0.34765625
0 0.7379082914572864 0.3896484375 0.7728093592964824 0.3642578125 0.787766959798995 0.2099609375 0.7802881595477387 0.1728515625 0.7516194252512562 0.154296875 0.7104860238693468 0.1689453125 0.6755849560301508 0.2392578125 0.6880496231155779 0.3662109375 0.7042536903266332 0.38671875
0 0.875019629396985 0.3916015625 0.9049348304020101 0.3759765625 0.9173994974874372 0.3388671875 0.9149065640703518 0.2060546875 0.8812519629396985 0.162109375 0.8463508951005025 0.158203125 0.8077104271356784 0.2255859375 0.8226680276381909 0.2822265625 0.8077104271356784 0.3740234375 0.8264074277638191 0.390625
0 0.2941661432160804 0.5146484375 0.32906721105527637 0.4990234375 0.3315601444723618 0.4755859375 0.25303274183417085 0.44140625 0.06855566896984924 0.443359375 0.009971733668341708 0.4658203125 0.04362633479899498 0.5
0 0.239321608040201 0.6162109375 0.3203419440954774 0.595703125 0.3215884108040201 0.5576171875 0.2555256752512563 0.5390625 0.1009638033919598 0.541015625 0.03864046796482412 0.546875 0.007478800251256281 0.5693359375 0.0735415358040201 0.60546875
0 0.4312774811557789 0.6396484375 0.46617854899497485 0.6083984375 0.478643216080402 0.4833984375 0.47365734924623115 0.4306640625 0.4375098146984925 0.404296875 0.39886934673366836 0.4208984375 0.37394001256281406 0.4814453125 0.3938834798994975 0.6201171875
0 0.5559241520100503 0.6455078125 0.5958110866834171 0.6181640625 0.6082757537688442 0.4853515625 0.5908252198492462 0.4287109375 0.5496918184673367 0.408203125 0.5135442839195979 0.4365234375 0.5035725502512562 0.5029296875 0.5085584170854272 0.6240234375 0.5272554177135679 0.64453125
0 0.922385364321608 0.5107421875 0.9622722989949749 0.4970703125 0.9647652324120602 0.4697265625 0.8812519629396985 0.4375 0.7142254239949749 0.443359375 0.6681061557788944 0.4677734375 0.6705990891959799 0.4912109375 0.7017607569095478 0.505859375
0 0.8700337625628141 0.6103515625 0.9560399654522613 0.59375 0.9647652324120602 0.5517578125 0.9086742305276382 0.533203125 0.779041692839196 0.53515625 0.6917890232412061 0.54296875 0.6681061557788944 0.5634765625 0.6992678234924623 0.59765625
0 0.8999489635678392 0.9072265625 0.9248782977386935 0.7041015625 0.9049348304020101 0.6669921875 0.8662943624371859 0.654296875 0.8251609610552764 0.7041015625 0.8276538944723618 0.8642578125 0.8588155621859297 0.8984375
0 0.7478800251256281 0.9033203125 0.7777952261306532 0.8720703125 0.7977386934673367 0.7373046875 0.7927528266331658 0.6826171875 0.7665770257537688 0.658203125 0.7254436243718593 0.6650390625 0.6880496231155779 0.7353515625 0.7055001570351759 0.8818359375
0 0.5808534861809045 0.7685546875 0.6344515546482412 0.75390625 0.6406838881909548 0.7294921875 0.5721282192211056 0.693359375 0.3826652795226131 0.701171875 0.33654601130653267 0.7255859375 0.35275007851758794 0.75390625 0.40759461369346733 0.767578125
0 0.5559241520100503 0.8642578125 0.6294656878140703 0.84375 0.6356980213567839 0.8154296875 0.6020434202261307 0.794921875 0.5297483511306532 0.787109375 0.36272181218592964 0.79296875 0.3315601444723618 0.8193359375 0.3502571451005025 0.845703125 0.38765114635678394 0.857421875
0 0.239321608040201 0.9013671875 0.2767156092964824 0.8662109375 0.2966590766331658 0.7275390625 0.2692368090452261 0.6728515625 0.22311754082914573 0.658203125 0.18697000628140703 0.7041015625 0.18697000628140703 0.8369140625 0.2019276067839196 0.8916015625
0 0.10968907035175879 0.9013671875 0.15456187185929648 0.8681640625 0.16951947236180903 0.7392578125 0.15954773869346733 0.6806640625 0.12589313756281406 0.65625 0.08725266959798995 0.6650390625 0.057337468592964826 0.7236328125 0.06730920226130653 0.8564453125 0.08475973618090452 0.8974609375